1 5
1 17
1 22
1 43
2 1
2 5
2 9
3 7
3 12
3 15
4 43
5 5
5 15
5 23
6 7
6 6
7 10
7 1
7 9
7 32
8 5
8 10
8 13
9 4
9 23
10 20
10 5
10 1
10 30
11 5
11 27
11 15
12 19
12 8
12 7
12 13
13 21
13 2
13 28
14 5
14 32
14 22
14 43
14 6
14 3
15 5
15 32
16 27
16 23
17 5
17 31
17 10
18 21
18 33
18 30
18 10
19 5
20 21
20 20
20 17
20 9
20 15
20 23
21 5
22 32
22 10
22 30
22 34
23 5
23 1
24 43
24 5
24 31
24 30
24 20
25 10
25 43
25 5
25 13
26 32
27 10
27 43
27 9
27 32
28 23
28 5
29 5
29 31
29 32
29 10
30 43
30 10
30 30
31 22
31 2
32 35
32 22
32 28
32 13
33 21
33 2
34 27
34 10
35 7
35 8
35 13
36 47
36 30
36 5
36 43
36 41
36 32
36 10
37 43
37 43
37 16
38 5
38 2
39 6
39 9
39 22
39 10
40 7
40 8
40 20
40 13
41 5
42 22
42 5
43 47
43 6
43 1
44 29
44 5
45 12
46 12
46 41
47 29
47 39
48 2
49 47
49 23
50 21
50 30
50 10
50 28
50 43
50 2
51 27
51 2
52 5
52 23
52 26
53 22
53 32
53 13
54 5
54 41
54 1
54 34
55 5
55 10
56 27
57 5
57 23
57 2
58 5
58 23
59 5
59 43
59 30
60 32
61 5
61 6
62 43
62 2
63 22
63 29
63 23
64 30
64 23
64 32
65 41
65 39
65 7
66 22
66 23
67 47
67 34
68 5
68 35
69 22
69 34
70 23
70 16
71 30
72 47
72 34
72 10
73 9
73 32
74 13
74 14
74 32
74 30
75 30
75 13
75 14
76 27
77 8
77 27
78 5
78 30
78 23
79 47
80 5
80 15
80 2
80 32
81 3
81 8
81 13
82 47
82 23
83 23
84 27
84 2
85 22
86 43
86 31
86 13
86 32
87 43
88 27
88 47
88 15
88 23
89 28
89 34
90 8
90 12
90 13
91 23
91 10
92 28
93 9
93 20
93 23
93 34
94 22
94 23
94 3
95 30
95 2
96 30
96 14
96 21
96 13
97 27
97 34
98 28
98 3
98 41
98 13
98 10
99 2
99 32
99 10
100 3
100 23
100 34
101 22
102 30
103 5
103 13
104 34
104 13
104 29
105 22
105 3
105 2
106 27
106 3
106 41
106 23
107 7
107 29
107 3
107 13
167 1
167 2
167 3
167 4
168 5
168 6
168 7
168 8
169 5
169 1
169 9
169 10
170 11
170 12
171 5
171 13
171 14
171 15
171 16
172 8
172 17
173 18
173 19
173 20
174 16
174 20
174 21
175 22
175 15
175 23
176 5
176 8
117 2
117 24
117 25
117 26
177 27
177 23
177 3
178 28
178 29
178 7
179 5
179 3
179 30
180 5
180 31
180 9
180 10
181 27
181 32
181 10
182 33
182 15
182 34
182 16
182 24
183 13
183 35
183 29
184 22
184 5
184 36
184 27
184 37
184 23
184 3
184 24
185 6
185 38
186 35
186 19
186 20
186 39
187 6
187 40
188 5
188 13
188 8
189 7
189 8
189 41
190 10
190 42
