1 76
1 77
1 78
2 79
2 80
2 81
3 82
3 83
3 84
4 85
4 86
4 87
5 88
5 89
5 90
6 91
6 92
6 93
7 94
7 95
7 96
8 97
8 98
8 99
9 100
9 101
9 102
10 103
10 104
10 105
11 106
11 107
11 108
12 109
12 110
12 111
13 112
13 113
13 114
14 115
14 116
14 117
15 118
15 119
15 120
16 121
16 122
16 123
17 124
17 125
17 126
18 127
18 128
18 129
19 130
19 131
19 132
20 133
20 134
20 135
21 136
21 137
21 138
22 139
22 140
22 141
23 142
23 143
23 144
24 145
24 146
24 147
25 148
25 149
25 150
26 151
26 152
26 153
27 154
27 155
27 156
28 157
28 158
28 159
29 160
29 161
29 162
30 163
30 164
30 165
31 166
31 167
31 168
32 169
32 170
32 171
33 172
33 173
33 174
34 175
34 176
34 177
35 178
35 179
35 180
36 181
36 182
36 183
37 184
37 185
37 186
38 187
38 188
38 189
39 190
39 191
39 192
40 193
40 194
40 195
41 196
41 197
41 198
42 199
42 200
42 201
43 202
43 203
43 204
44 205
44 206
44 207
45 208
45 209
45 210
46 211
46 212
46 213
47 214
47 215
47 216
48 217
48 218
48 219
49 220
49 221
49 222
50 223
50 224
50 225
51 226
51 227
51 228
52 229
52 230
52 231
53 232
53 233
53 234
54 235
54 236
54 237
55 238
55 239
55 240
56 241
56 242
56 243
57 244
57 245
57 246
58 247
58 248
58 249
59 250
59 251
59 252
60 253
60 254
60 255
61 256
61 257
61 258
62 259
62 260
62 261
63 262
63 263
63 264
64 265
64 266
64 267
65 268
65 269
65 270
66 271
66 272
66 273
67 274
67 275
67 276
68 277
68 278
68 279
69 280
69 281
69 282
70 283
70 284
70 285
71 286
71 287
71 288
72 289
72 290
72 291
73 292
73 293
73 294
74 295
74 296
74 297
75 298
75 299
75 300
76 301
76 302
76 303
77 304
77 305
77 306
78 307
78 308
78 309
79 310
79 311
79 312
80 313
80 314
80 315
81 316
81 317
81 318
82 319
82 320
82 321
83 322
83 323
83 324
84 325
84 326
84 327
85 328
85 329
85 330
86 331
86 332
86 333
87 334
87 335
87 336
88 337
88 338
88 339
89 340
89 341
89 342
90 343
90 344
90 345
91 346
91 347
91 348
92 349
92 350
92 351
93 352
93 353
93 354
94 355
94 356
94 357
95 358
95 359
95 360
96 361
96 362
96 363
97 364
97 365
97 366
98 367
98 368
98 369
99 370
99 371
99 372
100 373
100 374
100 375
101 376
101 377
101 378
102 379
102 380
102 381
103 382
103 383
103 384
104 385
104 386
104 387
105 388
105 389
105 390
106 391
106 392
106 393
107 394
107 395
107 396
108 397
108 398
108 399
109 400
109 401
109 402
110 403
110 404
110 405
111 406
111 407
111 408
112 409
112 410
112 411
113 412
113 413
113 414
114 415
114 416
114 417
115 418
115 419
115 420
116 421
116 422
116 423
117 424
117 425
117 426
118 427
118 428
118 429
119 430
119 431
119 432
120 433
120 434
120 435
121 436
121 437
121 438
122 439
122 440
122 441
123 442
123 443
123 444
124 445
124 446
124 447
125 448
125 449
125 450
126 451
126 452
126 453
127 454
127 455
127 456
128 457
128 458
128 459
129 460
129 461
129 462
130 463
130 464
130 465
131 466
131 467
131 468
132 469
132 470
132 471
133 472
133 473
133 474
134 475
134 476
134 477
135 478
135 479
135 480
136 481
136 482
136 483
137 484
137 485
137 486
138 487
138 488
138 489
139 490
139 491
139 492
140 493
140 494
140 495
141 496
141 497
141 498
142 499
142 500
142 501
143 502
143 503
143 504
144 505
144 506
144 507
145 508
145 509
145 510
146 511
146 512
146 513
147 514
147 515
147 516
148 517
148 518
148 519
149 520
149 521
149 522
150 523
150 524
150 525
151 526
151 527
151 528
152 529
152 530
152 531
153 532
153 533
153 534
154 535
154 536
154 537
155 538
155 539
155 540
156 541
156 542
156 543
157 544
157 545
157 546
158 547
158 548
158 549
159 550
159 551
159 552
160 553
160 554
160 555
161 556
161 557
161 558
162 559
162 560
162 561
163 562
163 563
163 564
164 565
164 566
164 567
165 568
165 569
165 570
166 571
166 572
166 573
167 574
167 575
167 576
168 577
168 578
168 579
169 580
169 581
169 582
170 583
170 584
170 585
171 586
171 587
171 588
172 589
172 590
172 591
173 592
173 593
173 594
174 595
174 596
174 597
175 598
175 599
175 600
176 601
176 602
176 603
177 604
177 605
177 606
178 607
178 608
178 609
179 610
179 611
179 612
180 613
180 614
180 615
181 616
181 617
181 618
182 619
182 620
182 621
183 622
183 623
183 624
184 625
184 626
184 627
185 628
185 629
185 630
186 631
186 632
186 633
187 634
187 635
187 636
188 637
188 638
188 639
189 640
189 641
189 642
190 643
190 644
190 645
