1 5
4 5
5 17
8 47
9 5
10 5
13 10
15 5
19 5
21 5
26 47
27 24
29 5
30 5
31 33
33 10
34 9
35 39
36 5
37 24
38 3
39 5
40 6
42 33
46 5
47 5
48 3
49 5
51 9
52 5
52 14
57 47
60 5
61 28
62 22
64 47
69 5
77 9
78 47
79 5
81 47
82 5
84 9
85 5
88 3
89 5
90 9
96 3
98 8
100 9
103 47
108 1
109 2
110 3
111 4
112 5
113 6
114 7
115 8
116 9
117 10
118 11
119 12
120 13
121 14
122 15
123 16
124 17
125 18
126 19
127 20
128 21
129 22
130 23
131 24
132 25
133 26
134 27
135 28
136 29
137 30
138 31
139 32
140 33
141 34
142 35
143 36
144 37
145 38
146 39
147 40
148 41
149 42
150 43
151 44
152 45
153 46
154 47
155 48
156 49
157 50
158 51
159 52
160 53
161 54
162 55
163 56
164 57
165 58
166 59
177 5
178 11
181 9
182 5
184 5
185 47
187 28
188 39
189 5
