1 646
1 647
1 648
2 649
2 650
2 651
3 652
3 653
3 654
4 655
4 656
4 657
5 658
5 659
5 660
6 661
6 662
6 663
7 664
7 665
7 666
8 667
8 668
8 669
9 670
9 671
9 672
10 673
10 674
10 675
11 676
11 677
11 678
12 679
12 680
12 681
13 682
13 683
13 684
14 685
14 686
14 687
15 688
15 689
15 690
16 691
16 692
16 693
17 694
17 695
17 696
18 697
18 698
18 699
19 700
19 701
19 702
20 703
20 704
20 705
21 706
21 707
21 708
22 709
22 710
22 711
23 712
23 713
23 714
24 715
24 716
24 717
25 718
25 719
25 720
26 721
26 722
26 723
27 724
27 725
27 726
28 727
28 728
28 729
29 730
29 731
29 732
30 733
30 734
30 735
31 736
31 737
31 738
32 739
32 740
32 741
33 742
33 743
33 744
34 745
34 746
34 747
35 748
35 749
35 750
36 751
36 752
36 753
37 754
37 755
37 756
38 757
38 758
38 759
39 760
39 761
39 762
40 763
40 764
40 765
41 766
41 767
41 768
42 769
42 770
42 771
43 772
43 773
43 774
44 775
44 776
44 777
45 778
45 779
45 780
46 781
46 782
46 783
47 784
47 785
47 786
48 787
48 788
48 789
49 790
49 791
49 792
50 793
50 794
50 795
51 796
51 797
51 798
52 799
52 800
52 801
53 802
53 803
53 804
54 805
54 806
54 807
55 808
55 809
55 810
56 811
56 812
56 813
57 814
57 815
57 816
58 817
58 818
58 819
59 820
59 821
59 822
60 823
60 824
60 825
