1 826
1 827
1 828
2 829
2 830
2 831
3 832
3 833
3 834
4 835
4 836
4 837
5 838
5 839
5 840
6 841
6 842
6 843
7 844
7 845
7 846
8 847
8 848
8 849
9 850
9 851
9 852
10 853
10 854
10 855
11 856
11 857
11 858
12 859
12 860
12 861
13 862
13 863
13 864
14 865
14 866
14 867
15 868
15 869
15 870
16 871
16 872
16 873
17 874
17 875
17 876
18 877
18 878
18 879
19 880
19 881
19 882
20 883
20 884
20 885
21 886
21 887
21 888
22 889
22 890
22 891
23 892
23 893
23 894
24 895
24 896
24 897
25 898
25 899
25 900
26 901
26 902
26 903
27 904
27 905
27 906
28 907
28 908
28 909
29 910
29 911
29 912
30 913
30 914
30 915
31 916
31 917
31 918
32 919
32 920
32 921
33 922
33 923
33 924
34 925
34 926
34 927
35 928
35 929
35 930
36 931
36 932
36 933
37 934
37 935
37 936
38 937
38 938
38 939
39 940
39 941
39 942
40 943
40 944
40 945
41 946
41 947
41 948
42 949
42 950
42 951
43 952
43 953
43 954
44 955
44 956
44 957
47 958
47 959
47 960
48 961
48 962
48 963
49 964
49 965
49 966
